 167 229  81  45 126  10  16 230 244 103 181 148  76 147  33  23
 110 160 161  54  51 250 175  93 185 117 214  93  40 144  87 243
  88  90  17 123   8 180  71 211 177 195  24 180 151 208 191 147
  95 186 236 149 175 200 188  64  99  84 243 131 119 163 172 198
 136 118 144 152 204 106 157  77 167 153 242  75 118  85 107  95
 228 132 210   8 186 213 121 171 136  64 194 135 187  90   6 156
  35 200 113 230 229 177  90  16 109 230 137  54 250  97  60 112
  38  45 215  15  69  16 250 138 111 163 176  55 177 206  76 146
 179  57 199 243  77  82 167 115 253  13  56 248 106 121 112 141
 243 190  42  60  27 198
